2.215827334941255777e-01 2.014388486310232304e-02 1.165467624222348703e-01 7.194244593965115619e-02 5.323740999534185697e-02 8.633093512758139437e-03 1.352517983665441625e-01 1.611510789048185843e-01 1.151079135034418499e-01 9.640287755913254375e-02
2.262051913149503157e-01 1.977750306578800535e-02 1.470951790517983082e-01 8.899876379604602927e-02 3.831891218996426318e-02 6.180469708058752322e-03 1.087762668618340312e-01 1.928306548914330565e-01 9.394313956249303321e-02 7.787391832154028082e-02
2.076271183508091589e-01 2.118644064804174956e-02 1.412429376536116776e-01 6.920903945026972426e-02 3.389830503686679791e-02 7.062146882680583188e-03 1.002824857340642861e-01 2.146892652334897456e-01 1.045197738636726298e-01 1.002824857340642861e-01
1.999999997163120491e-01 4.113475171470248187e-02 1.106382977154066749e-01 6.666666657210401636e-02 4.113475171470248187e-02 8.510638285800512653e-03 9.645390057240581239e-02 2.042553188592123037e-01 1.234042551441074387e-01 1.078014182868065052e-01
2.230320696457258334e-01 2.332361512635041517e-02 1.137026237409582696e-01 8.454810483302024893e-02 4.810495619809772999e-02 4.373177836190703278e-03 8.746355672381406210e-02 1.895043729015971345e-01 1.209912534679427748e-01 1.049562680685768717e-01
2.117647055709342696e-01 2.205882349697231917e-02 1.382352939143598747e-01 8.088235282223182887e-02 3.676470582828719746e-02 1.176470586505190367e-02 9.264705868728373428e-02 1.794117644420415159e-01 1.161764704173875451e-01 1.102941174848615924e-01
1.883691527327823745e-01 3.413400754218203631e-02 1.327433626640412700e-01 8.217446260154935567e-02 4.045512004999352734e-02 6.321112507811488430e-03 8.975979761092313380e-02 2.010113777484053288e-01 1.175726926452936860e-01 1.074589126327953059e-01
2.140883974943530443e-01 3.591160216034309377e-02 1.132596683518512920e-01 6.767955791756967432e-02 4.281767949887060887e-02 4.143646403116510619e-03 1.063535910133237700e-01 1.906077345433594972e-01 1.174033147549677913e-01 1.077348064810292744e-01
2.017416542790397005e-01 2.757619734749463397e-02 1.204644410443186653e-01 6.966618277261801828e-02 6.240928873380364311e-02 2.902757615525750762e-03 9.579100131234978555e-02 1.944847602402253184e-01 1.233671986598444126e-01 1.015965165434012801e-01
2.315550508154880227e-01 3.405221335521882442e-02 1.373439271993825983e-01 6.469920537491577472e-02 4.199772980476988715e-02 4.540295114029177341e-03 1.112372302937148366e-01 1.895573210107181494e-01 8.286038583103247368e-02 1.021566400656564871e-01
