[array([0.06297549, 0.12746045, 0.08434972, 0.12631325, 0.11728656,
       0.11955078, 0.03070281, 0.04932979, 0.04289941, 0.23913175]), array([0.05894737, 0.13393352, 0.10545706, 0.12858726, 0.10578947,
       0.10429363, 0.03132964, 0.07271468, 0.03576177, 0.2231856 ]), array([0.06227899, 0.13025959, 0.11022176, 0.12831337, 0.09774951,
       0.1008196 , 0.03379842, 0.07096845, 0.03749897, 0.22809134]), array([0.06804967, 0.12499635, 0.10802045, 0.13265157, 0.10054054,
       0.10533236, 0.0322279 , 0.07097151, 0.03617239, 0.22103725]), array([0.06762468, 0.12048666, 0.10780703, 0.13524937, 0.10883347,
       0.10723343, 0.03085376, 0.06714165, 0.03556334, 0.21920662]), array([0.06233724, 0.12123815, 0.10306317, 0.12695643, 0.11605681,
       0.11619104, 0.0361352 , 0.06263255, 0.03468549, 0.22070391]), array([0.06700197, 0.12223957, 0.09041508, 0.13021737, 0.11827957,
       0.13091109, 0.03555324, 0.05289629, 0.03595791, 0.21652792]), array([0.06017995, 0.12921571, 0.10683567, 0.12135016, 0.125     ,
       0.12876301, 0.03966727, 0.05254074, 0.03638524, 0.20006225]), array([0.06741363, 0.11990887, 0.10264973, 0.14437752, 0.11822353,
       0.11213757, 0.03476795, 0.06004806, 0.03423738, 0.20623576]), array([0.06107547, 0.12880883, 0.11138554, 0.13146662, 0.09127762,
       0.09406964, 0.04145078, 0.07173347, 0.03702113, 0.23171092]), array([0.05599605, 0.14624559, 0.09384335, 0.10727522, 0.08786865,
       0.08699266, 0.05226747, 0.07353833, 0.04600076, 0.24997192]), array([0.04642805, 0.13978086, 0.11187728, 0.13247626, 0.10416362,
       0.1004821 , 0.03100073, 0.06574142, 0.03742878, 0.23062089]), array([0.063275, 0.1397  , 0.09915 , 0.114525, 0.08305 , 0.0864  ,
       0.043475, 0.0771  , 0.041325, 0.252   ]), array([0.05406165, 0.14654408, 0.08690103, 0.10907518, 0.09051379,
       0.08878313, 0.05135749, 0.07104381, 0.04763656, 0.25408329]), array([0.05026652, 0.14839984, 0.09225084, 0.10475907, 0.09615834,
       0.08738771, 0.05368557, 0.07146043, 0.04631655, 0.24931513]), array([0.05465211, 0.14091235, 0.10472513, 0.11457637, 0.0863345 ,
       0.09103735, 0.04408307, 0.07029529, 0.04306824, 0.25031559]), array([0.05673127, 0.14252122, 0.10135888, 0.11378431, 0.0776961 ,
       0.09074033, 0.04450385, 0.07168139, 0.04348902, 0.25749363]), array([0.05759956, 0.14231964, 0.09868438, 0.1176738 , 0.0822454 ,
       0.09037651, 0.04194339, 0.0715891 , 0.04265044, 0.25491781]), array([0.05867302, 0.14994215, 0.08397116, 0.09600837, 0.08145692,
       0.08784265, 0.04779281, 0.07260146, 0.04696956, 0.2747419 ]), array([0.05906199, 0.13025853, 0.09307632, 0.12784236, 0.10223093,
       0.10271417, 0.04324948, 0.06279363, 0.0357325 , 0.24304008]), array([0.04833896, 0.15011284, 0.10640879, 0.10097309, 0.08840302,
       0.09228567, 0.04816909, 0.06947511, 0.04105899, 0.25477444]), array([0.05814596, 0.13633136, 0.11282051, 0.10635108, 0.0922288 ,
       0.09238659, 0.03865878, 0.06763971, 0.04226167, 0.25317554]), array([0.06391136, 0.12987562, 0.10288612, 0.12302258, 0.09739162,
       0.10204082, 0.03221229, 0.06448497, 0.03988045, 0.24429417]), array([0.06648748, 0.12009688, 0.11191517, 0.12375945, 0.09779655,
       0.09912571, 0.03308129, 0.06622164, 0.04022921, 0.24128663]), array([0.04695405, 0.1491953 , 0.09727341, 0.10054715, 0.09065727,
       0.09216822, 0.04603832, 0.07028227, 0.0454431 , 0.2614409 ]), array([0.04523526, 0.14479178, 0.10409951, 0.10150352, 0.09239589,
       0.09782585, 0.04724716, 0.07333694, 0.04484586, 0.24871823]), array([0.04793829, 0.14931757, 0.10498366, 0.10714629, 0.08943676,
       0.09381007, 0.04469435, 0.07751826, 0.04034506, 0.24480969]), array([0.054225, 0.144075, 0.102825, 0.10895 , 0.090075, 0.092325,
       0.039575, 0.0781  , 0.038625, 0.251225]), array([0.05403332, 0.15284275, 0.10541818, 0.10526967, 0.07809213,
       0.09336403, 0.04049405, 0.07650801, 0.04091483, 0.25306304]), array([0.04417523, 0.14239048, 0.11229854, 0.09646295, 0.09293672,
       0.09148729, 0.05161709, 0.07312061, 0.04458626, 0.25092482]), array([0.0676321 , 0.12924066, 0.10211916, 0.12434069, 0.09700072,
       0.10686308, 0.03561062, 0.05998564, 0.03854437, 0.23866296]), array([0.06324593, 0.13424499, 0.10295779, 0.11962394, 0.10924575,
       0.10350722, 0.03147035, 0.06074296, 0.03962028, 0.2353408 ]), array([0.05035308, 0.14831712, 0.11582421, 0.10174962, 0.08388944,
       0.0860249 , 0.04523284, 0.0718047 , 0.0455483 , 0.25125579]), array([0.08136232, 0.12215519, 0.09237448, 0.11149414, 0.08321364,
       0.09875834, 0.0333876 , 0.06620064, 0.04191005, 0.2691436 ]), array([0.05819941, 0.1369115 , 0.10932549, 0.1224536 , 0.09599932,
       0.09288705, 0.03774332, 0.06663083, 0.04212879, 0.23772069]), array([0.05148896, 0.13580279, 0.11031862, 0.12380258, 0.09519471,
       0.09110787, 0.04318513, 0.06830487, 0.04011349, 0.24068097]), array([0.0465878 , 0.14744557, 0.10425111, 0.09817136, 0.10015082,
       0.08827411, 0.05035819, 0.06873881, 0.04472618, 0.25129607]), array([0.04690478, 0.14920423, 0.11190317, 0.10153214, 0.09148288,
       0.08281973, 0.04480087, 0.06984976, 0.04640974, 0.2550927 ]), array([0.05495845, 0.13601108, 0.11817175, 0.11434903, 0.09506925,
       0.08927978, 0.03493075, 0.06698061, 0.04454294, 0.24570637]), array([0.05855956, 0.12933518, 0.1200277 , 0.11085873, 0.09457064,
       0.08961219, 0.03578947, 0.06520776, 0.04379501, 0.25224377]), array([0.04838792, 0.15184675, 0.11116213, 0.1010101 , 0.08358841,
       0.08631772, 0.04142434, 0.07032446, 0.04527599, 0.26066218]), array([0.06359762, 0.1312952 , 0.1034672 , 0.12922908, 0.10159478,
       0.0977531 , 0.02850594, 0.06653538, 0.04019241, 0.23782929]), array([0.05398148, 0.14197531, 0.10679012, 0.13111111, 0.09777778,
       0.09558642, 0.02941358, 0.06654321, 0.04027778, 0.23654321]), array([0.05796401, 0.1392042 , 0.10729381, 0.12640382, 0.09793503,
       0.09651612, 0.0290122 , 0.06750392, 0.04120879, 0.2369581 ]), array([0.07760847, 0.12661415, 0.09607438, 0.1137655 , 0.08525956,
       0.10475852, 0.03073347, 0.06007877, 0.04448605, 0.26062113]), array([0.06022405, 0.13931199, 0.10555233, 0.13174201, 0.09902018,
       0.09508257, 0.02808217, 0.06834346, 0.04132963, 0.23131162]), array([0.05216247, 0.14974899, 0.11702328, 0.11439233, 0.08279417,
       0.09270048, 0.03720905, 0.06872668, 0.04421595, 0.2410266 ]), array([0.05246567, 0.1493106 , 0.11214057, 0.11880157, 0.08993723,
       0.08966311, 0.03486747, 0.07000905, 0.04243305, 0.2403717 ]), array([0.05183867, 0.14964396, 0.11008077, 0.11265809, 0.08725688,
       0.08932937, 0.03842066, 0.06839197, 0.04346902, 0.24891062]), array([0.05003124, 0.14855789, 0.1195075 , 0.10813203, 0.08579758,
       0.08925968, 0.03980112, 0.06984069, 0.04433049, 0.24474177]), array([0.04722274, 0.14738651, 0.11879514, 0.11624473, 0.09063331,
       0.08985476, 0.03884668, 0.06730382, 0.04335687, 0.24035545]), array([0.05046463, 0.14481511, 0.1181711 , 0.11636194, 0.09372002,
       0.09303473, 0.0359091 , 0.06732272, 0.04243305, 0.23776761]), array([0.04681904, 0.1431369 , 0.12242006, 0.11146899, 0.08894844,
       0.08907728, 0.04037723, 0.06859234, 0.04393311, 0.24522662]), array([0.04867763, 0.14379425, 0.12257913, 0.10964182, 0.08668263,
       0.09142024, 0.03922845, 0.06825281, 0.04490317, 0.24481987]), array([0.05746329, 0.13357035, 0.12325124, 0.1258816 , 0.09249624,
       0.09440398, 0.03298069, 0.07015262, 0.04055382, 0.22924616]), array([0.06583767, 0.13149811, 0.11034972, 0.11569589, 0.08722235,
       0.10831167, 0.03565099, 0.06255907, 0.04155836, 0.24131616]), array([0.0557195 , 0.14243974, 0.1074653 , 0.12230825, 0.09864134,
       0.0968298 , 0.03065011, 0.0679328 , 0.04037984, 0.23763331]), array([0.05021159, 0.14556207, 0.11542426, 0.11480035, 0.09271918,
       0.09065755, 0.03773329, 0.06917318, 0.04128689, 0.24243164]), array([0.06037335, 0.13666706, 0.1099362 , 0.1199492 , 0.09770794,
       0.09608341, 0.03166352, 0.06701914, 0.04096763, 0.23963256]), array([0.05676985, 0.14050685, 0.10727788, 0.13008034, 0.0962311 ,
       0.09900756, 0.03027528, 0.06710775, 0.03916588, 0.2335775 ]), array([0.05199446, 0.14916898, 0.10728532, 0.11385042, 0.09110803,
       0.0931856 , 0.03434903, 0.06695291, 0.04180055, 0.25030471]), array([0.0711543 , 0.12777647, 0.10925685, 0.11478025, 0.08125591,
       0.09803284, 0.03783672, 0.06598535, 0.04279891, 0.2511224 ]), array([0.06536422, 0.14120692, 0.09105542, 0.128456  , 0.10219669,
       0.10292261, 0.0328557 , 0.05491731, 0.04178765, 0.23923747]), array([0.06153243, 0.14420089, 0.09820554, 0.10685591, 0.0994933 ,
       0.1053162 , 0.03714902, 0.06130847, 0.03815683, 0.24778142]), array([0.05610946, 0.1440809 , 0.07564545, 0.12004759, 0.10370018,
       0.09727543, 0.04383105, 0.06505651, 0.04083284, 0.25342058]), array([0.05447049, 0.14176432, 0.09540473, 0.11949327, 0.1054145 ,
       0.0960829 , 0.03545464, 0.06494141, 0.03689236, 0.25008138]), array([0.05902118, 0.12601899, 0.11681519, 0.12683711, 0.10915997,
       0.09773557, 0.03336742, 0.06059898, 0.04049671, 0.22994887]), array([0.05957633, 0.1357195 , 0.09411249, 0.12733382, 0.1101534 ,
       0.10290723, 0.03073776, 0.05931337, 0.03783784, 0.24230825]), array([0.05263014, 0.1402648 , 0.09196568, 0.11891121, 0.10863189,
       0.10038102, 0.03865026, 0.06403333, 0.03344207, 0.25108961]), array([0.05603143, 0.13055293, 0.09758979, 0.13433365, 0.10987713,
       0.1043242 , 0.03417415, 0.06149575, 0.03497164, 0.23664934]), array([0.05517941, 0.13859269, 0.10325923, 0.12039144, 0.09958609,
       0.10290288, 0.03357912, 0.06754201, 0.03467558, 0.24429155]), array([0.05691421, 0.12947535, 0.09952522, 0.13661202, 0.11415689,
       0.10275016, 0.032548  , 0.05819821, 0.03645973, 0.23336021]), array([0.05736509, 0.13434756, 0.0996883 , 0.12917155, 0.10274815,
       0.10266236, 0.03179959, 0.06242672, 0.03754754, 0.24224313]), array([0.05718042, 0.1317458 , 0.10156318, 0.12914536, 0.10778671,
       0.10547845, 0.03363039, 0.06191381, 0.03433163, 0.23722425]), array([0.05565301, 0.1317904 , 0.10080919, 0.12799909, 0.10825034,
       0.10179946, 0.03375396, 0.06496152, 0.03446129, 0.24052173]), array([0.05759688, 0.12848535, 0.10066163, 0.13465855, 0.1127422 ,
       0.10334948, 0.03511933, 0.06182065, 0.03420369, 0.23136224]), array([0.05629742, 0.13641835, 0.09851348, 0.12418465, 0.10470032,
       0.1016209 , 0.03311777, 0.06601159, 0.03518938, 0.24394614]), array([0.06600913, 0.12247438, 0.10383351, 0.13983849, 0.11283475,
       0.10670625, 0.02540777, 0.0619873 , 0.03731367, 0.22359475]), array([0.05627465, 0.13735573, 0.09779401, 0.12806428, 0.10696859,
       0.10620891, 0.03322133, 0.05881665, 0.03839299, 0.23690285]), array([0.0564786 , 0.13477652, 0.09800109, 0.12739855, 0.10529326,
       0.10271955, 0.03394435, 0.06151162, 0.0379479 , 0.24192857]), array([0.05690755, 0.13414739, 0.09780091, 0.13025823, 0.1066945 ,
       0.10377763, 0.03217135, 0.06285567, 0.03734736, 0.23803941]), array([0.049   , 0.142425, 0.10555 , 0.110125, 0.10135 , 0.10115 ,
       0.0402  , 0.07395 , 0.035825, 0.240425]), array([0.07066345, 0.12492371, 0.07427979, 0.08744812, 0.10900879,
       0.07843018, 0.03811646, 0.08102417, 0.05532837, 0.28077698]), array([0.06866434, 0.10727963, 0.0820176 , 0.09940204, 0.12762026,
       0.0893745 , 0.03812819, 0.07454313, 0.0483237 , 0.2646466 ]), array([0.06592014, 0.10986111, 0.07802083, 0.10529514, 0.13342014,
       0.09296875, 0.03763889, 0.07189236, 0.04763889, 0.25734375]), array([0.06509074, 0.111168  , 0.07866676, 0.10502436, 0.12945767,
       0.0895417 , 0.0383624 , 0.07268201, 0.04951981, 0.26048655]), array([0.06925756, 0.10436446, 0.08088587, 0.09831979, 0.1309166 ,
       0.09073834, 0.0379414 , 0.07320197, 0.0483232 , 0.26605082]), array([0.067961  , 0.11115001, 0.07730957, 0.09933299, 0.12926945,
       0.08935418, 0.03741181, 0.07326552, 0.05043679, 0.26450867]), array([0.06821508, 0.10621374, 0.07864878, 0.1013068 , 0.13012861,
       0.09070092, 0.03815361, 0.07408619, 0.04870784, 0.26383843]), array([0.07160374, 0.10373555, 0.0791118 , 0.09683217, 0.12901438,
       0.08703977, 0.03977425, 0.07466071, 0.04946587, 0.26876176]), array([0.07120431, 0.10777315, 0.07898738, 0.09288453, 0.12700773,
       0.08541543, 0.03823782, 0.07465794, 0.05036685, 0.27346487]), array([0.07209084, 0.10652378, 0.07954851, 0.0942455 , 0.12253091,
       0.0844531 , 0.03550793, 0.07612201, 0.05195176, 0.27702567]), array([0.07167014, 0.10848075, 0.0773283 , 0.09498569, 0.11752081,
       0.0879455 , 0.03698946, 0.07914932, 0.05157388, 0.27435614]), array([0.06916896, 0.10754364, 0.08004062, 0.10360463, 0.12501532,
       0.08634303, 0.03571366, 0.07440346, 0.0512421 , 0.2669246 ]), array([0.06694432, 0.11143504, 0.07983703, 0.10241738, 0.12519692,
       0.08765957, 0.03387958, 0.07503848, 0.05209597, 0.2654957 ]), array([0.07426064, 0.1093163 , 0.07685609, 0.09370945, 0.11741001,
       0.08216652, 0.03227239, 0.07859777, 0.0533775 , 0.28203333]), array([0.06631772, 0.10762164, 0.07708879, 0.10861863, 0.13204793,
       0.09455394, 0.03512614, 0.07114245, 0.04963592, 0.25784686]), array([0.07219578, 0.11198691, 0.07607905, 0.09096768, 0.1265781 ,
       0.0892326 , 0.0382213 , 0.07434398, 0.05180448, 0.26859012]), array([0.07596565, 0.11967574, 0.07271065, 0.07932916, 0.10557071,
       0.07692665, 0.04036208, 0.08602517, 0.05640461, 0.28702957]), array([0.07610959, 0.12528727, 0.07032821, 0.08146007, 0.10911017,
       0.06971775, 0.03781241, 0.07846165, 0.05829862, 0.29341425]), array([0.07252313, 0.1225196 , 0.07299979, 0.08737024, 0.11298637,
       0.07504767, 0.03776216, 0.07596568, 0.05693454, 0.28589083]), array([0.0736883 , 0.11939482, 0.07188758, 0.0893122 , 0.11222724,
       0.07790763, 0.03552009, 0.0747652 , 0.05628134, 0.28901561]), array([0.07407479, 0.11870985, 0.0770634 , 0.08849386, 0.11568243,
       0.07488987, 0.03718295, 0.07531681, 0.05608492, 0.28250112]), array([0.07364839, 0.1178828 , 0.07491493, 0.08939509, 0.11797732,
       0.0726087 , 0.03621928, 0.07642722, 0.05659735, 0.28432892]), array([0.07305289, 0.10822157, 0.07805081, 0.09181175, 0.12011662,
       0.08674719, 0.03791753, 0.07523532, 0.05089546, 0.27795085]), array([0.07331135, 0.11838494, 0.07605592, 0.08974194, 0.11692976,
       0.07290611, 0.0355689 , 0.07581646, 0.05621765, 0.28506696]), array([0.07930886, 0.11804501, 0.07507356, 0.08768576, 0.11279774,
       0.06514121, 0.02917861, 0.08101422, 0.06032496, 0.29143007]), array([0.07372708, 0.12027906, 0.07655782, 0.08521441, 0.11512894,
       0.07166338, 0.03553948, 0.07520637, 0.0581854 , 0.28849806]), array([0.07134815, 0.12146173, 0.08112593, 0.09461728, 0.11664198,
       0.07099259, 0.03707654, 0.07735309, 0.05647407, 0.27290864]), array([0.07420191, 0.1151472 , 0.08074001, 0.08694938, 0.11841625,
       0.07659435, 0.03663525, 0.07507853, 0.05513551, 0.28110161]), array([0.07404815, 0.11506935, 0.07736374, 0.09186023, 0.12087163,
       0.07550332, 0.03674778, 0.07531913, 0.05426514, 0.27895154]), array([0.0727685 , 0.11570248, 0.07552332, 0.09190233, 0.12145574,
       0.07683514, 0.03727441, 0.07554206, 0.05389704, 0.27909897]), array([0.07343436, 0.112737  , 0.07724074, 0.09269966, 0.12245045,
       0.07930552, 0.0369865 , 0.07585823, 0.05269678, 0.27659078]), array([0.06935568, 0.1162121 , 0.08100476, 0.09436311, 0.12721091,
       0.08135776, 0.03897889, 0.07400045, 0.05269025, 0.2648261 ]), array([0.07239943, 0.1140291 , 0.07624138, 0.09207021, 0.12138857,
       0.08279831, 0.03818045, 0.07656581, 0.0518578 , 0.27446896]), array([0.0749057 , 0.11508195, 0.0744667 , 0.08562045, 0.11020421,
       0.08168574, 0.03588384, 0.08067768, 0.0558988 , 0.28557492]), array([0.07324075, 0.11470783, 0.07593426, 0.09088563, 0.11927227,
       0.07820842, 0.03903163, 0.07806326, 0.0525798 , 0.27807616]), array([0.0762079 , 0.1099934 , 0.07835865, 0.08811326, 0.11824078,
       0.08081424, 0.03722332, 0.07593693, 0.05490355, 0.28020796]), array([0.07670137, 0.11281966, 0.07725115, 0.08436485, 0.11530196,
       0.07811745, 0.037601  , 0.07810079, 0.056793  , 0.28294877]), array([0.075488, 0.114912, 0.076336, 0.086048, 0.109968, 0.082688,
       0.038096, 0.080576, 0.053344, 0.282544]), array([0.07410246, 0.11440233, 0.07925031, 0.0886464 , 0.11695127,
       0.08003332, 0.03915035, 0.07616826, 0.05454394, 0.27675135]), array([0.07097191, 0.11928382, 0.07375913, 0.08969514, 0.11592971,
       0.0806091 , 0.03801335, 0.08082955, 0.0542328 , 0.27667549]), array([0.07541814, 0.11364333, 0.07341817, 0.08885341, 0.11599813,
       0.08070838, 0.0378381 , 0.07912776, 0.05414429, 0.28085031]), array([0.07300515, 0.11783124, 0.07615165, 0.08566867, 0.11181722,
       0.08089466, 0.03968008, 0.08413417, 0.05293261, 0.27788456]), array([0.07440876, 0.11176431, 0.07835595, 0.08774523, 0.11813021,
       0.08065708, 0.03755711, 0.0771634 , 0.05526068, 0.27895727]), array([0.07531381, 0.1108524 , 0.07932284, 0.0880937 , 0.11971079,
       0.07841249, 0.03977521, 0.07562893, 0.0538681 , 0.27902173]), array([0.0744739 , 0.1150307 , 0.07581746, 0.08465997, 0.11106251,
       0.08311331, 0.03868206, 0.08087925, 0.0528207 , 0.28346014]), array([0.07416496, 0.111627  , 0.07788998, 0.08980651, 0.12110727,
       0.08182685, 0.0364381 , 0.07815479, 0.05155003, 0.2774345 ]), array([0.07470486, 0.10885417, 0.07885417, 0.08881944, 0.12232639,
       0.08204861, 0.03894097, 0.07638889, 0.05135417, 0.27770833]), array([0.07603158, 0.10955691, 0.08011064, 0.08847884, 0.12048108,
       0.08236901, 0.0402654 , 0.07492866, 0.05238004, 0.27539784]), array([0.07693809, 0.11537461, 0.07298712, 0.0838482 , 0.11269186,
       0.07875911, 0.03807882, 0.08061264, 0.05516714, 0.2855424 ]), array([0.07776456, 0.11046665, 0.07652522, 0.08622513, 0.11358979,
       0.08202789, 0.0370811 , 0.07774803, 0.05443189, 0.28413973]), array([0.07802002, 0.11104206, 0.07773448, 0.0835125 , 0.11564432,
       0.08235353, 0.03587745, 0.07788565, 0.05574778, 0.28218221]), array([0.08091805, 0.11265947, 0.07172465, 0.08311156, 0.110095  ,
       0.08035354, 0.03803164, 0.08083741, 0.05393461, 0.28833406]), array([0.07693964, 0.11903114, 0.07383314, 0.07936947, 0.10740484,
       0.08083045, 0.03792388, 0.08487505, 0.0548712 , 0.28492118]), array([0.0798079 , 0.10918061, 0.0759724 , 0.08402039, 0.11160648,
       0.08151256, 0.03733875, 0.07895556, 0.05418873, 0.28741661]), array([0.08085353, 0.11462718, 0.07328914, 0.07835357, 0.1064499 ,
       0.07822454, 0.0387897 , 0.08315995, 0.0551604 , 0.29109208]), array([0.06978169, 0.11213039, 0.08144115, 0.09675951, 0.12212671,
       0.08517008, 0.03238739, 0.07615413, 0.05157473, 0.27247422]), array([0.07964836, 0.11210258, 0.07462489, 0.08154868, 0.11268094,
       0.07926829, 0.03769251, 0.08100337, 0.05393615, 0.28749422]), array([0.0811162 , 0.11508538, 0.07431903, 0.07891712, 0.10600583,
       0.07758434, 0.03580175, 0.08388172, 0.05419409, 0.29309454]), array([0.08008654, 0.1126719 , 0.07600518, 0.08129948, 0.11049189,
       0.07882444, 0.03827304, 0.08249603, 0.05364782, 0.28620367]), array([0.07902782, 0.11270492, 0.07803682, 0.08038834, 0.10872413,
       0.07961569, 0.03616299, 0.08245431, 0.0537154 , 0.28916958]), array([0.07979813, 0.11021355, 0.07918847, 0.0807973 , 0.1152094 ,
       0.07805382, 0.03414114, 0.08186421, 0.05359955, 0.28713441]), array([0.07961531, 0.11532487, 0.07669046, 0.07868993, 0.108682  ,
       0.08077203, 0.03564347, 0.08323419, 0.05382048, 0.28752727]), array([0.07736082, 0.11285445, 0.07788111, 0.08402706, 0.11189516,
       0.08246618, 0.03910315, 0.08038502, 0.05155762, 0.28246943]), array([0.08136504, 0.10947565, 0.07443164, 0.08354505, 0.10804963,
       0.08115196, 0.03658477, 0.08134865, 0.05336918, 0.29067842]), array([0.078992, 0.114224, 0.07664 , 0.080416, 0.109136, 0.081056,
       0.037696, 0.08368 , 0.051792, 0.286368]), array([0.07933439, 0.10838456, 0.07845859, 0.08387864, 0.11241655,
       0.08004495, 0.03625487, 0.0808877 , 0.05173838, 0.28860136]), array([0.07561168, 0.10856277, 0.07801487, 0.08919211, 0.11678844,
       0.08548249, 0.03785423, 0.07882131, 0.05069273, 0.27897937]), array([0.0773468 , 0.1197052 , 0.07028198, 0.0799408 , 0.10566711,
       0.07983398, 0.03785706, 0.0847168 , 0.05540466, 0.28924561]), array([0.07875455, 0.11678045, 0.07266166, 0.08172288, 0.10614132,
       0.08262901, 0.0392601 , 0.08319143, 0.05322689, 0.28563171]), array([0.07978566, 0.11337468, 0.07350529, 0.0831758 , 0.1066725 ,
       0.08187911, 0.03758846, 0.0851599 , 0.0535081 , 0.2853505 ]), array([0.07866722, 0.11110371, 0.07916701, 0.08464806, 0.11228655,
       0.08051645, 0.03720117, 0.08184923, 0.05139525, 0.28316535]), array([0.08074969, 0.11325281, 0.0766514 , 0.08034985, 0.10787172,
       0.07808413, 0.03745106, 0.08354852, 0.05259475, 0.28944606]), array([0.07843018, 0.11973572, 0.07151794, 0.08027649, 0.10673523,
       0.07865906, 0.04066467, 0.08491516, 0.05516052, 0.28390503]), array([0.079328, 0.114896, 0.07352 , 0.083024, 0.103696, 0.081296,
       0.037072, 0.08448 , 0.052304, 0.290384]), array([0.07698577, 0.11883122, 0.07578624, 0.08027682, 0.10396002,
       0.07973856, 0.03824683, 0.08645905, 0.05497885, 0.28473664]), array([0.07923062, 0.11535835, 0.07531217, 0.08145812, 0.10885471,
       0.07984847, 0.03733091, 0.08423842, 0.05220799, 0.28616025]), array([0.07950021, 0.11195335, 0.07660142, 0.08493128, 0.11062057,
       0.07860058, 0.03811745, 0.08164931, 0.05097876, 0.28704706]), array([0.06603526, 0.10943436, 0.07559391, 0.10801632, 0.13298087,
       0.09120989, 0.03520597, 0.07218011, 0.04817843, 0.2611649 ]), array([0.07734027, 0.11347945, 0.07854548, 0.08553572, 0.11248085,
       0.07799452, 0.03460684, 0.08236773, 0.05225461, 0.28539454]), array([0.07871429, 0.11299091, 0.07800301, 0.08433674, 0.11199174,
       0.07917154, 0.03685075, 0.0810852 , 0.05270199, 0.28415384]), array([0.07840774, 0.10914068, 0.07873487, 0.08624163, 0.11935056,
       0.07897591, 0.03445189, 0.0773747 , 0.05325322, 0.2840688 ]), array([0.07314264, 0.10719911, 0.08128842, 0.09548003, 0.12181409,
       0.08547139, 0.03454758, 0.0752426 , 0.05158428, 0.27422988]), array([0.06650806, 0.13751715, 0.08123285, 0.11593364, 0.10946073,
       0.12270662, 0.03071416, 0.05096879, 0.04597479, 0.2389832 ]), array([0.07414375, 0.12248798, 0.09644958, 0.14153901, 0.08904416,
       0.09253785, 0.03601182, 0.04419362, 0.05512258, 0.24846965]), array([0.07366598, 0.12383171, 0.1006002 , 0.13490997, 0.08958165,
       0.0942399 , 0.03592224, 0.04535818, 0.05491355, 0.24697662]), array([0.07756173, 0.12081438, 0.1060102 , 0.12307317, 0.08949666,
       0.09261012, 0.03235554, 0.04999847, 0.05280669, 0.25527304]), array([0.07731191, 0.12701242, 0.09627465, 0.12219138, 0.08604821,
       0.0982615 , 0.03424397, 0.04797663, 0.05332359, 0.25735573]), array([0.07824138, 0.12012372, 0.11450574, 0.12056559, 0.08976139,
       0.09332786, 0.03231915, 0.04967807, 0.05299205, 0.24848504]), array([0.07717982, 0.1261224 , 0.09750118, 0.12080577, 0.08630671,
       0.09859405, 0.0334948 , 0.04811555, 0.05369802, 0.25818171]), array([0.08054086, 0.1281879 , 0.08835139, 0.11869768, 0.0835083 ,
       0.10419641, 0.03493743, 0.04728311, 0.05207021, 0.2622267 ]), array([0.08000884, 0.11942936, 0.1110024 , 0.12406893, 0.08824643,
       0.0920654 , 0.03276102, 0.05002525, 0.05273955, 0.24965282]), array([0.0853551 , 0.10850612, 0.11732245, 0.12342857, 0.0916898 ,
       0.09547755, 0.03079184, 0.0459102 , 0.05097143, 0.25054694]), array([0.08314347, 0.11722481, 0.1063013 , 0.1206267 , 0.09150776,
       0.09441029, 0.03033613, 0.04775132, 0.0526825 , 0.25601573]), array([0.07728532, 0.1066759 , 0.1099446 , 0.13509695, 0.09218837,
       0.09404432, 0.04138504, 0.04559557, 0.04698061, 0.25080332]), array([0.0842381 , 0.11463199, 0.10895089, 0.12346926, 0.09004545,
       0.09449564, 0.03033077, 0.04936245, 0.05185583, 0.25261962]), array([0.07580606, 0.13014733, 0.09875015, 0.12477358, 0.08549692,
       0.09702934, 0.03495955, 0.04978263, 0.0545224 , 0.24873204]), array([0.07157901, 0.1319862 , 0.10207259, 0.13216935, 0.08104148,
       0.09282378, 0.03607948, 0.05231831, 0.05534019, 0.2445896 ]), array([0.0733991 , 0.13046432, 0.0976784 , 0.12792415, 0.08314627,
       0.09871219, 0.03762996, 0.04891304, 0.05408199, 0.24805057]), array([0.07570489, 0.12832725, 0.09387874, 0.12549306, 0.08750913,
       0.09890431, 0.03605551, 0.04908692, 0.05341125, 0.25162893]), array([0.07384514, 0.12998298, 0.09898773, 0.13467109, 0.08366926,
       0.09677805, 0.03613127, 0.04720953, 0.05577951, 0.24294544]), array([0.07456072, 0.13161262, 0.10530258, 0.13229924, 0.07964795,
       0.09347399, 0.0355482 , 0.05043538, 0.05614681, 0.2409725 ]), array([0.07371805, 0.13289223, 0.10271215, 0.13323554, 0.07864923,
       0.0938173 , 0.03635966, 0.05162136, 0.0554914 , 0.24150307]), array([0.07309863, 0.13138643, 0.10009257, 0.13225238, 0.08534146,
       0.09955508, 0.03448894, 0.04950879, 0.05485383, 0.2394219 ]), array([0.07481886, 0.1330716 , 0.10708928, 0.1284433 , 0.08136232,
       0.09195953, 0.03444093, 0.05244342, 0.05528424, 0.24108653]), array([0.09694147, 0.09935262, 0.11725459, 0.12805523, 0.08650416,
       0.0901374 , 0.03170828, 0.04868543, 0.04690184, 0.25445898]), array([0.07404368, 0.13082313, 0.10437445, 0.13195935, 0.08142911,
       0.09048731, 0.03493877, 0.0528658 , 0.0554223 , 0.2436561 ]), array([0.07387169, 0.1314095 , 0.10004135, 0.12213492, 0.08722235,
       0.09838729, 0.03588729, 0.04897212, 0.05490903, 0.24716446]), array([0.07879483, 0.1255887 , 0.09862939, 0.12453206, 0.08887815,
       0.09382925, 0.03254438, 0.05053737, 0.05352614, 0.25313972]), array([0.07677148, 0.12869898, 0.10080922, 0.11884499, 0.08895458,
       0.0973454 , 0.03398131, 0.05115112, 0.05285318, 0.25058975]), array([0.07939827, 0.12199994, 0.10798664, 0.12193752, 0.09016573,
       0.09150776, 0.03317624, 0.05227677, 0.05271371, 0.24883743]), array([0.07837218, 0.12259993, 0.10563338, 0.11933945, 0.09059896,
       0.09334621, 0.03287646, 0.05234875, 0.05313368, 0.251751  ]), array([0.08095569, 0.11671506, 0.11529479, 0.12062871, 0.08913016,
       0.09313849, 0.03320288, 0.05106678, 0.05251862, 0.24734882]), array([0.08016665, 0.11712536, 0.11235955, 0.12400581, 0.09080293,
       0.09102386, 0.03197197, 0.04999369, 0.05324454, 0.24930564]), array([0.07971999, 0.12343455, 0.10116375, 0.11687736, 0.09044187,
       0.09691044, 0.03467628, 0.049681  , 0.05236886, 0.2547259 ]), array([0.08052469, 0.11777778, 0.10932099, 0.12108025, 0.09070988,
       0.09274691, 0.03277778, 0.05055556, 0.05256173, 0.25194444]), array([0.09239411, 0.09972237, 0.12148115, 0.12780863, 0.09404055,
       0.09068311, 0.02889334, 0.04826317, 0.04913481, 0.24757877]), array([0.08035062, 0.12262966, 0.09907962, 0.11973703, 0.09010957,
       0.09919649, 0.03409788, 0.05016801, 0.05235939, 0.25227173]), array([0.08239443, 0.11488405, 0.10951593, 0.12196873, 0.09185107,
       0.09197591, 0.03177179, 0.05093474, 0.05221435, 0.252489  ]), array([0.07903635, 0.12003381, 0.1041239 , 0.12202633, 0.09219901,
       0.09162541, 0.03112547, 0.05222799, 0.05283178, 0.25476996]), array([0.08032721, 0.11721008, 0.09790149, 0.12388715, 0.09029946,
       0.09706324, 0.03182449, 0.05049717, 0.05049717, 0.26049254]), array([0.0780196 , 0.11571686, 0.10884894, 0.12841488, 0.09282378,
       0.09187754, 0.03299655, 0.05204359, 0.05094472, 0.24831354]), array([0.08605811, 0.10705008, 0.10552719, 0.12681776, 0.09035803,
       0.10185434, 0.03135358, 0.04807549, 0.04694079, 0.25596465]), array([0.08268978, 0.10680382, 0.11370227, 0.12698025, 0.09383108,
       0.09361741, 0.03027991, 0.05213516, 0.04963218, 0.25032813]), array([0.0849837 , 0.1078976 , 0.10647869, 0.12842652, 0.09153484,
       0.09884072, 0.03085376, 0.04839391, 0.04945055, 0.25313972]), array([0.08643749, 0.1031632 , 0.10798302, 0.13795525, 0.09834339,
       0.09416196, 0.03393022, 0.04660219, 0.04784704, 0.24357624]), array([0.08135331, 0.10282154, 0.11815599, 0.13775181, 0.09504132,
       0.09055398, 0.0310563 , 0.04932851, 0.0491671 , 0.24477014]), array([0.0877193 , 0.10560514, 0.13251941, 0.12137068, 0.08960022,
       0.08854006, 0.02903457, 0.04801477, 0.05133203, 0.24626381]), array([0.08549383, 0.10154321, 0.11055556, 0.12796296, 0.09703704,
       0.0979321 , 0.03243827, 0.04462963, 0.04787037, 0.25453704]), array([0.08156039, 0.10655963, 0.11080248, 0.12566771, 0.09724978,
       0.09578462, 0.03400385, 0.04697659, 0.04972376, 0.25167119]), array([0.08693414, 0.10291973, 0.09951671, 0.12476765, 0.09116646,
       0.10309131, 0.03545998, 0.04829992, 0.04629815, 0.26154594]), array([0.08386148, 0.10451562, 0.09936623, 0.12655613, 0.09300023,
       0.10052626, 0.03706428, 0.04775917, 0.04716501, 0.2601856 ]), array([0.08922194, 0.09941699, 0.10756692, 0.13250511, 0.09612039,
       0.1017063 , 0.03839932, 0.04819755, 0.0458472 , 0.24101828]), array([0.08744278, 0.10748061, 0.09265097, 0.12337929, 0.09199309,
       0.10734355, 0.03791015, 0.04895699, 0.0456402 , 0.25720238]), array([0.08707713, 0.10191884, 0.10023163, 0.13065858, 0.09980268,
       0.10440676, 0.03654666, 0.04789957, 0.04741342, 0.24404473]), array([0.08430324, 0.10543624, 0.10372044, 0.12571134, 0.09905917,
       0.10489291, 0.03474506, 0.04741342, 0.04729904, 0.24741914]), array([0.08207756, 0.11465374, 0.09257618, 0.12301939, 0.08977839,
       0.10648199, 0.03473684, 0.04864266, 0.04822715, 0.25980609]), array([0.07065006, 0.13078921, 0.09973424, 0.13114754, 0.08501299,
       0.09901759, 0.04010272, 0.04604497, 0.05368927, 0.2438114 ]), array([0.08166531, 0.10654694, 0.12835918, 0.12489796, 0.09338776,
       0.08613878, 0.02919184, 0.05031837, 0.05237551, 0.24711837]), array([0.07127714, 0.12287617, 0.08868584, 0.13998626, 0.10113769,
       0.10534802, 0.04729911, 0.04628385, 0.04792618, 0.22917973]), array([0.07574074, 0.11839506, 0.09259259, 0.13725309, 0.0962037 ,
       0.1054321 , 0.04768519, 0.04969136, 0.04719136, 0.22981481]), array([0.075364  , 0.11770092, 0.09016819, 0.13857941, 0.09801288,
       0.110192  , 0.04767864, 0.04691554, 0.04596929, 0.22941913]), array([0.07399469, 0.11478082, 0.08516484, 0.14315904, 0.10442579,
       0.11164111, 0.04667311, 0.04772974, 0.04247675, 0.22995411]), array([0.0712637 , 0.11690285, 0.08134405, 0.14387144, 0.11263696,
       0.11196494, 0.04701242, 0.04511322, 0.04265888, 0.22723156]), array([0.07745234, 0.1166835 , 0.09424315, 0.13902916, 0.0914026 ,
       0.10756218, 0.0465219 , 0.04952026, 0.0465219 , 0.231063  ]), array([0.07487654, 0.12299383, 0.08487654, 0.14104938, 0.09515432,
       0.10595679, 0.04444444, 0.04790123, 0.04938272, 0.2333642 ]), array([0.07199416, 0.12035062, 0.08929145, 0.14197224, 0.10334551,
       0.1060336 , 0.04213294, 0.04657414, 0.04797663, 0.23032871]), array([0.0728379 , 0.12080577, 0.0920664 , 0.13873464, 0.10243384,
       0.10441281, 0.04244447, 0.04545723, 0.04900165, 0.23180529]), array([0.07697531, 0.12021605, 0.09604938, 0.13725309, 0.09453704,
       0.10033951, 0.04080247, 0.04941358, 0.04996914, 0.23444444]), array([0.08244154, 0.10856784, 0.12551196, 0.12646981, 0.08970802,
       0.0875611 , 0.03104769, 0.04947813, 0.05360682, 0.24560708]), array([0.08196668, 0.11621901, 0.10711519, 0.13210227, 0.08425878,
       0.0941374 , 0.03660899, 0.0544938 , 0.05058755, 0.24251033]), array([0.08339939, 0.12789008, 0.11269653, 0.12244022, 0.08032765,
       0.08260669, 0.02896684, 0.05875941, 0.05413529, 0.24877791]), array([0.08480759, 0.10149793, 0.1188985 , 0.14430527, 0.09397598,
       0.07877066, 0.03037836, 0.04784349, 0.04942536, 0.25009685]), array([0.09107051, 0.10721204, 0.11893079, 0.12835744, 0.08622805,
       0.09113507, 0.0388688 , 0.04700413, 0.04467975, 0.24651343]), array([0.08766897, 0.10258525, 0.11459715, 0.13973251, 0.0978522 ,
       0.08727455, 0.03997992, 0.03840224, 0.04700778, 0.24489942]), array([0.08480069, 0.1009723 , 0.10929199, 0.14387383, 0.09636139,
       0.08984597, 0.04323566, 0.03825721, 0.04661031, 0.24675064]), array([0.08984597, 0.10060476, 0.1044806 , 0.13826055, 0.10765478,
       0.09285309, 0.04560794, 0.03912593, 0.04580841, 0.23575796]), array([0.07234211, 0.13348188, 0.10222521, 0.13024633, 0.08317817,
       0.09459418, 0.03861298, 0.05124996, 0.05369189, 0.24037728]), array([0.08589486, 0.11277092, 0.10329088, 0.12972007, 0.08621405,
       0.10185451, 0.0434741 , 0.04957069, 0.04864503, 0.23856491]), array([0.08359757, 0.10757696, 0.11481041, 0.13750165, 0.08062492,
       0.0995508 , 0.04567975, 0.04429251, 0.0488836 , 0.23748183]), array([0.07656245, 0.12072621, 0.09716623, 0.1332975 , 0.09268715,
       0.09391143, 0.03484726, 0.04476097, 0.05318164, 0.25285915]), array([0.07594396, 0.10875736, 0.11788407, 0.13320717, 0.09581515,
       0.09972223, 0.04850279, 0.04343579, 0.04868594, 0.22804554]), array([0.07440336, 0.11117675, 0.11495747, 0.1286035 , 0.10077977,
       0.10435373, 0.05077387, 0.04173559, 0.04548677, 0.22772921]), array([0.078125  , 0.10856792, 0.11873709, 0.13481405, 0.08942407,
       0.09749483, 0.05171746, 0.0424845 , 0.0464876 , 0.23214747]), array([0.07487018, 0.12193576, 0.1021012 , 0.1357324 , 0.09005555,
       0.09277261, 0.03604637, 0.04443908, 0.05476392, 0.24728294]), array([0.0795003 , 0.11212374, 0.08828079, 0.09884593, 0.10715051,
       0.13532421, 0.05234979, 0.04711481, 0.04023795, 0.23907198]), array([0.10638705, 0.12636854, 0.09237448, 0.06983945, 0.07615947,
       0.11941013, 0.05426282, 0.0509113 , 0.04538926, 0.25889751]), array([0.09630387, 0.1192111 , 0.0990504 , 0.08473338, 0.08020453,
       0.12131483, 0.05233017, 0.05323594, 0.04347699, 0.25013879]), array([0.09311104, 0.11839057, 0.09943092, 0.09033716, 0.0837313 ,
       0.12296606, 0.05153136, 0.0520461 , 0.04238039, 0.2460751 ]), array([0.08920106, 0.11706556, 0.10160134, 0.09836397, 0.08590589,
       0.12293329, 0.05194242, 0.0489652 , 0.04312637, 0.2408949 ]), array([0.08639532, 0.12186909, 0.10021857, 0.1001595 , 0.08739957,
       0.12113067, 0.05195534, 0.04554584, 0.04448251, 0.24084357]), array([0.08558034, 0.12502613, 0.10552719, 0.09585237, 0.08322136,
       0.12195049, 0.05141987, 0.04795605, 0.04434292, 0.23912329]), array([0.08869702, 0.12247917, 0.10176911, 0.09449342, 0.0820855 ,
       0.12386789, 0.05397899, 0.04691462, 0.04271827, 0.24299601]), array([0.09648403, 0.12529984, 0.0943694 , 0.0857215 , 0.07281278,
       0.12362707, 0.05425451, 0.04942558, 0.04377604, 0.25422926]), array([0.10260516, 0.11673196, 0.08516114, 0.07074838, 0.079356  ,
       0.11678916, 0.04981555, 0.05619263, 0.04243759, 0.28016243]), array([0.1040636 , 0.11547371, 0.08147216, 0.06997626, 0.07326489,
       0.11733249, 0.0511024 , 0.05550631, 0.04315251, 0.28865567]), array([0.083525, 0.116675, 0.085925, 0.0953  , 0.093375, 0.1363  ,
       0.04995 , 0.0477  , 0.04165 , 0.2496  ]), array([0.10481631, 0.12264866, 0.09152885, 0.06956192, 0.06918318,
       0.10648908, 0.05198207, 0.06078778, 0.04440727, 0.27859487]), array([0.09441489, 0.11325826, 0.07808963, 0.08748302, 0.07327976,
       0.13620416, 0.04925871, 0.04880602, 0.04000679, 0.27919873]), array([0.09012647, 0.1205229 , 0.07564566, 0.09326177, 0.07843554,
       0.13566798, 0.04851738, 0.05048358, 0.03996174, 0.26737698]), array([0.09511281, 0.12639767, 0.08235866, 0.09359719, 0.0784409 ,
       0.1199634 , 0.05178873, 0.05090223, 0.03786211, 0.26357631]), array([0.10032278, 0.13103915, 0.05867347, 0.07343294, 0.06541545,
       0.10943357, 0.04253436, 0.0628384 , 0.04818305, 0.30812682]), array([0.09543721, 0.12825773, 0.06908613, 0.07363577, 0.07063774,
       0.12930966, 0.04575937, 0.05664694, 0.04562788, 0.28560158]), array([0.1071469 , 0.13374264, 0.05958579, 0.05746378, 0.07277048,
       0.12123699, 0.04840991, 0.05488909, 0.04546741, 0.29928701]), array([0.12146333, 0.13750566, 0.04388298, 0.05234269, 0.06227365,
       0.11721933, 0.04300589, 0.06015165, 0.04900407, 0.31315075]), array([0.11666507, 0.14082799, 0.06160426, 0.05726324, 0.06655176,
       0.10935555, 0.04545309, 0.05595455, 0.05221999, 0.2941045 ]), array([0.08189257, 0.11420581, 0.07909578, 0.10012944, 0.08938147,
       0.13990847, 0.04879345, 0.05080436, 0.03996394, 0.2558247 ]), array([0.11550468, 0.13715458, 0.05882183, 0.05532431, 0.0728986 ,
       0.11024396, 0.04925425, 0.06252168, 0.04694184, 0.29133426]), array([0.1141358 , 0.13151235, 0.06459877, 0.05888889, 0.07734568,
       0.11219136, 0.05003086, 0.05712963, 0.04719136, 0.28697531]), array([0.1128185 , 0.12474339, 0.0640925 , 0.06110373, 0.08102886,
       0.1183432 , 0.05286197, 0.05228837, 0.04522401, 0.28749547]), array([0.10608622, 0.11417703, 0.08326289, 0.06880208, 0.08419877,
       0.11390533, 0.05020529, 0.05832629, 0.042356  , 0.27868011]), array([0.10493827, 0.11126543, 0.08990741, 0.07472222, 0.08512346,
       0.11506173, 0.0512037 , 0.05447531, 0.04339506, 0.26990741]), array([0.10137657, 0.11132013, 0.09262743, 0.07620413, 0.0782645 ,
       0.11824778, 0.05261429, 0.05530174, 0.04350682, 0.27053659]), array([0.10330579, 0.11841426, 0.0914579 , 0.0699251 , 0.07996513,
       0.11169938, 0.05336389, 0.05333161, 0.04590651, 0.27263042]), array([0.10383658, 0.11240946, 0.0850215 , 0.0722895 , 0.07763694,
       0.1173608 , 0.05030557, 0.05760525, 0.04272295, 0.28081145]), array([0.10511532, 0.11397896, 0.09353641, 0.07509129, 0.07443588,
       0.11769296, 0.05021691, 0.05683343, 0.04328829, 0.26981056]), array([0.10231481, 0.11216049, 0.09685185, 0.07509259, 0.08104938,
       0.11953704, 0.05040123, 0.05435185, 0.04246914, 0.2657716 ]), array([0.07884238, 0.11168419, 0.08437479, 0.10266922, 0.09383059,
       0.13692169, 0.04646344, 0.05267914, 0.04117349, 0.25136106]), array([0.10145912, 0.11271267, 0.08928993, 0.0764414 , 0.08096054,
       0.12198724, 0.05089201, 0.05499764, 0.04129253, 0.26996692]), array([0.08357854, 0.11919986, 0.0888411 , 0.1122397 , 0.08861476,
       0.12449072, 0.05375736, 0.04572205, 0.04176098, 0.24179493]), array([0.08268701, 0.11074751, 0.09082945, 0.1055683 , 0.09897189,
       0.12932567, 0.05269396, 0.04413925, 0.04158829, 0.24344868]), array([0.0867793 , 0.12006734, 0.0895853 , 0.1082526 , 0.08778355,
       0.11605033, 0.05470227, 0.0487949 , 0.04188327, 0.24610113]), array([0.09070988, 0.12685185, 0.08941358, 0.09447531, 0.08283951,
       0.11944444, 0.05506173, 0.04830247, 0.04345679, 0.24944444]), array([0.09306798, 0.12404994, 0.08977137, 0.09273221, 0.0803089 ,
       0.11428223, 0.05659168, 0.05012057, 0.0440768 , 0.25499832]), array([0.09242084, 0.12042179, 0.08967391, 0.09785562, 0.08031073,
       0.11853143, 0.05065572, 0.05109877, 0.04315336, 0.25587784]), array([0.08038781, 0.12224377, 0.0865097 , 0.11360111, 0.09515235,
       0.12227147, 0.05459834, 0.04576177, 0.04127424, 0.23819945]), array([0.0765928 , 0.12382271, 0.09091413, 0.10692521, 0.09141274,
       0.12800554, 0.05842105, 0.04279778, 0.04124654, 0.2398615 ]), array([0.07259996, 0.12309975, 0.09019679, 0.11016243, 0.09496043,
       0.13830175, 0.05341524, 0.04141504, 0.03860371, 0.2372449 ]), array([0.09691441, 0.13268895, 0.08487518, 0.06680202, 0.08756327,
       0.12408133, 0.05339015, 0.05141697, 0.04466813, 0.25759959]), array([0.07455621, 0.11915845, 0.09120316, 0.1112689 , 0.09690993,
       0.13619987, 0.05364892, 0.04210388, 0.03921105, 0.23573964]), array([0.07379738, 0.11700854, 0.09319034, 0.11065702, 0.09524677,
       0.14168576, 0.05120262, 0.04360162, 0.03769263, 0.23591733]), array([0.07356771, 0.12098524, 0.09431966, 0.10652669, 0.08403863,
       0.14284939, 0.05436198, 0.04125977, 0.03936089, 0.24273003]), array([0.07751743, 0.12303687, 0.09610593, 0.09770163, 0.07835727,
       0.13199518, 0.05719325, 0.04644327, 0.04090031, 0.25074886]), array([0.07707726, 0.11690441, 0.09139421, 0.10326426, 0.09084756,
       0.13109121, 0.05146293, 0.04966681, 0.03928051, 0.24901083]), array([0.07374531, 0.11833611, 0.09626197, 0.10165035, 0.09259163,
       0.13494377, 0.05250416, 0.04721991, 0.03881195, 0.24393482]), array([0.07237413, 0.12280273, 0.09551324, 0.10788303, 0.08957248,
       0.13734266, 0.05289714, 0.0441352 , 0.04033746, 0.23714193]), array([0.07814404, 0.12285319, 0.08692521, 0.10578947, 0.09193906,
       0.14144044, 0.05481994, 0.04132964, 0.04094183, 0.23581717]), array([0.08339632, 0.12368075, 0.08751155, 0.10192884, 0.09459422,
       0.13409479, 0.05934884, 0.04140422, 0.04249601, 0.23154447]), array([0.08947123, 0.11680053, 0.09827033, 0.08360516, 0.08152189,
       0.13494696, 0.05150626, 0.04961487, 0.04059647, 0.25366629]), array([0.08185 , 0.118625, 0.08475 , 0.1036  , 0.101125, 0.137525,
       0.0582  , 0.041825, 0.04175 , 0.23075 ]), array([0.09057852, 0.11918891, 0.08547764, 0.08537663, 0.08620994,
       0.13067852, 0.04833211, 0.04780182, 0.04633721, 0.26001869]), array([0.10103561, 0.12720641, 0.072161  , 0.06871748, 0.07468626,
       0.12389042, 0.04803081, 0.05359147, 0.04555658, 0.28512397]), array([0.10628122, 0.12514614, 0.06847168, 0.06626634, 0.07814327,
       0.12384419, 0.04641832, 0.05199809, 0.04556807, 0.28786268]), array([0.1098892 , 0.1266205 , 0.06310249, 0.06246537, 0.0765928 ,
       0.12534626, 0.04404432, 0.05368421, 0.04457064, 0.29368421]), array([0.10702519, 0.13194813, 0.0649644 , 0.06103199, 0.07176639,
       0.12846742, 0.04182166, 0.05720587, 0.04312361, 0.29264534]), array([0.10214494, 0.13208038, 0.06674302, 0.06338505, 0.06859121,
       0.12549459, 0.04203978, 0.06728967, 0.04092045, 0.29131091]), array([0.10403103, 0.12543403, 0.07147895, 0.06816949, 0.07278103,
       0.12820095, 0.04744466, 0.05560981, 0.04478624, 0.2820638 ]), array([0.10178886, 0.12138518, 0.07491392, 0.07628566, 0.07519386,
       0.13202318, 0.05050251, 0.05302203, 0.04101229, 0.27387251]), array([0.09739859, 0.1183119 , 0.08000215, 0.08096862, 0.07871352,
       0.13251362, 0.04993423, 0.05329002, 0.04096754, 0.26789981]), array([0.10924763, 0.11325055, 0.08406136, 0.07757487, 0.06816654,
       0.12344777, 0.0466618 , 0.05116143, 0.04566837, 0.28075968]), array([0.09343853, 0.11763314, 0.08315582, 0.08633794, 0.07965812,
       0.13441157, 0.04980934, 0.05165023, 0.04336621, 0.26053912]), array([0.10019316, 0.12373674, 0.07147056, 0.07964503, 0.07729347,
       0.12902774, 0.04333585, 0.06027267, 0.042552  , 0.27247278]), array([0.10021857, 0.12662453, 0.07212902, 0.08226016, 0.07629371,
       0.12511815, 0.04619565, 0.05558837, 0.04241493, 0.2731569 ]), array([0.10149857, 0.12735147, 0.06499097, 0.06762143, 0.07049102,
       0.12775003, 0.04620576, 0.05787012, 0.04423956, 0.29198108]), array([0.09794139, 0.12639456, 0.06515721, 0.0734629 , 0.07562841,
       0.13163016, 0.04605137, 0.05449412, 0.04383104, 0.28540884]), array([0.09490837, 0.12224073, 0.07546335, 0.07647855, 0.06447834,
       0.12656185, 0.04857351, 0.05547168, 0.04591837, 0.28990525]), array([0.09642733, 0.13195167, 0.06971904, 0.07324546, 0.07223378,
       0.12738467, 0.04477396, 0.05645161, 0.04601688, 0.28179558]), array([0.10366682, 0.12652784, 0.06176437, 0.06366003, 0.0688943 ,
       0.11982232, 0.04631621, 0.05817112, 0.04682549, 0.30435152]), array([0.10166205, 0.12609418, 0.06307479, 0.06817175, 0.06631579,
       0.12357341, 0.04590028, 0.05972299, 0.04587258, 0.29961219]), array([0.09806094, 0.12933518, 0.06365651, 0.07628809, 0.06922438,
       0.12387812, 0.046759  , 0.06094183, 0.04526316, 0.2865928 ]), array([0.1024974 , 0.12726905, 0.0842583 , 0.07185802, 0.07943115,
       0.12163256, 0.04702856, 0.05171118, 0.0461036 , 0.2682102 ]), array([0.09953978, 0.12465483, 0.06416831, 0.07321499, 0.06487837,
       0.12962525, 0.04602235, 0.05898751, 0.04444444, 0.29446417]), array([0.09928135, 0.12327411, 0.07223291, 0.08046627, 0.07842915,
       0.1305172 , 0.04699525, 0.05621888, 0.0391297 , 0.27345518]), array([0.1012053 , 0.11928474, 0.07211974, 0.07876867, 0.07990041,
       0.13162064, 0.04713671, 0.05370077, 0.04212879, 0.27413422]), array([0.10101607, 0.12497046, 0.09123937, 0.07608696, 0.07862713,
       0.12665406, 0.05142368, 0.05213256, 0.04117439, 0.25667533])]