1.237623761500973169e-01 2.121640734001668457e-02 1.534653464261206690e-01 9.052333798407118104e-02 1.980198018401557042e-02 1.414427156001112204e-03 9.052333798407118104e-02 3.352192359722636072e-01 6.930693064405449300e-02 9.476661945207451310e-02
1.237623761500973169e-01 2.121640734001668457e-02 1.534653464261206690e-01 9.052333798407118104e-02 1.980198018401557042e-02 1.414427156001112204e-03 9.052333798407118104e-02 3.352192359722636072e-01 6.930693064405449300e-02 9.476661945207451310e-02
1.223175964790288867e-01 2.145922745246120825e-02 1.559370528212181140e-01 9.155937046383448574e-02 2.002861228896379506e-02 1.430615163497413840e-03 9.084406288208578262e-02 3.390557937488871132e-01 6.294706719388620808e-02 9.442060079082932600e-02
1.223175964790288867e-01 2.145922745246120825e-02 1.559370528212181140e-01 9.155937046383448574e-02 2.002861228896379506e-02 1.430615163497413840e-03 9.084406288208578262e-02 3.390557937488871132e-01 6.294706719388620808e-02 9.442060079082932600e-02
1.223175964790288867e-01 2.145922745246120825e-02 1.559370528212181140e-01 9.155937046383448574e-02 2.002861228896379506e-02 1.430615163497413840e-03 9.084406288208578262e-02 3.390557937488871132e-01 6.294706719388620808e-02 9.442060079082932600e-02
1.223175964790288867e-01 2.145922745246120825e-02 1.559370528212181140e-01 9.155937046383448574e-02 2.002861228896379506e-02 1.430615163497413840e-03 9.084406288208578262e-02 3.390557937488871132e-01 6.294706719388620808e-02 9.442060079082932600e-02
1.223175964790288867e-01 2.145922745246120825e-02 1.559370528212181140e-01 9.155937046383448574e-02 2.002861228896379506e-02 1.430615163497413840e-03 9.084406288208578262e-02 3.390557937488871132e-01 6.294706719388620808e-02 9.442060079082932600e-02
1.223175964790288867e-01 2.145922745246120825e-02 1.559370528212181140e-01 9.155937046383448574e-02 2.002861228896379506e-02 1.430615163497413840e-03 9.084406288208578262e-02 3.390557937488871132e-01 6.294706719388620808e-02 9.442060079082932600e-02
1.223175964790288867e-01 2.145922745246120825e-02 1.559370528212181140e-01 9.155937046383448574e-02 2.002861228896379506e-02 1.430615163497413840e-03 9.084406288208578262e-02 3.390557937488871132e-01 6.294706719388620808e-02 9.442060079082932600e-02
1.223175964790288867e-01 2.145922745246120825e-02 1.559370528212181140e-01 9.155937046383448574e-02 2.002861228896379506e-02 1.430615163497413840e-03 9.084406288208578262e-02 3.390557937488871132e-01 6.294706719388620808e-02 9.442060079082932600e-02
