8.238636340231146604e-02 2.272727266270661156e-02 1.590909086389462879e-01 1.363636359762396832e-01 5.681818165676652890e-03 0.000000000000000000e+00 1.590909086389462879e-01 2.727272719524793665e-01 5.681818165676653237e-02 1.051136360650180845e-01
8.238636340231146604e-02 2.272727266270661156e-02 1.590909086389462879e-01 1.363636359762396832e-01 5.681818165676652890e-03 0.000000000000000000e+00 1.590909086389462879e-01 2.727272719524793665e-01 5.681818165676653237e-02 1.051136360650180845e-01
8.238636340231146604e-02 2.272727266270661156e-02 1.590909086389462879e-01 1.363636359762396832e-01 5.681818165676652890e-03 0.000000000000000000e+00 1.590909086389462879e-01 2.727272719524793665e-01 5.681818165676653237e-02 1.051136360650180845e-01
8.238636340231146604e-02 2.272727266270661156e-02 1.590909086389462879e-01 1.363636359762396832e-01 5.681818165676652890e-03 0.000000000000000000e+00 1.590909086389462879e-01 2.727272719524793665e-01 5.681818165676653237e-02 1.051136360650180845e-01
8.238636340231146604e-02 2.272727266270661156e-02 1.590909086389462879e-01 1.363636359762396832e-01 5.681818165676652890e-03 0.000000000000000000e+00 1.590909086389462879e-01 2.727272719524793665e-01 5.681818165676653237e-02 1.051136360650180845e-01
8.238636340231146604e-02 2.272727266270661156e-02 1.590909086389462879e-01 1.363636359762396832e-01 5.681818165676652890e-03 0.000000000000000000e+00 1.590909086389462879e-01 2.727272719524793665e-01 5.681818165676653237e-02 1.051136360650180845e-01
8.238636340231146604e-02 2.272727266270661156e-02 1.590909086389462879e-01 1.363636359762396832e-01 5.681818165676652890e-03 0.000000000000000000e+00 1.590909086389462879e-01 2.727272719524793665e-01 5.681818165676653237e-02 1.051136360650180845e-01
8.238636340231146604e-02 2.272727266270661156e-02 1.590909086389462879e-01 1.363636359762396832e-01 5.681818165676652890e-03 0.000000000000000000e+00 1.590909086389462879e-01 2.727272719524793665e-01 5.681818165676653237e-02 1.051136360650180845e-01
8.238636340231146604e-02 2.272727266270661156e-02 1.590909086389462879e-01 1.363636359762396832e-01 5.681818165676652890e-03 0.000000000000000000e+00 1.590909086389462879e-01 2.727272719524793665e-01 5.681818165676653237e-02 1.051136360650180845e-01
8.238636340231146604e-02 2.272727266270661156e-02 1.590909086389462879e-01 1.363636359762396832e-01 5.681818165676652890e-03 0.000000000000000000e+00 1.590909086389462879e-01 2.727272719524793665e-01 5.681818165676653237e-02 1.051136360650180845e-01
