1.233226836272698357e-01 1.853035142585919906e-02 1.456869008653757791e-01 1.028753992952872731e-01 2.108626196735701938e-02 3.833865812246730915e-03 1.386581468762567715e-01 2.722044726695179162e-01 7.987220442180689717e-02 9.392971240004491240e-02
1.223262031267872835e-01 2.005347592242414517e-02 1.711229945380193795e-01 9.959893041470659070e-02 2.473262030432311215e-02 1.336898394828276403e-03 1.290106951009286629e-01 2.707219249527259564e-01 8.556149726900968977e-02 7.553475930779761371e-02
1.173814897757440717e-01 2.934537244393601793e-02 1.365688486813945446e-01 9.480812635733175398e-02 2.934537244393601793e-02 2.257336341841232382e-03 1.230248306303471512e-01 2.629796838245035406e-01 9.875846495555390403e-02 1.055304739810776077e-01
7.692307684418145386e-02 1.538461536883629216e-02 8.205128196712689614e-02 1.056410255326758751e-01 1.641025639342537715e-02 4.102564098356344287e-03 9.846153836055226982e-02 3.856410252454963716e-01 1.169230768031558204e-01 9.846153836055226982e-02
8.360389603603579634e-02 1.623376622058947394e-02 1.566558440286884291e-01 9.740259732353684363e-02 2.678571426397263061e-02 8.116883110294737403e-04 1.339285713198631600e-01 3.043831166360526641e-01 9.659090901250737271e-02 8.360389603603579634e-02
1.002132195449799423e-01 1.918976544478339166e-02 1.407249465950781986e-01 1.016346836520009289e-01 2.771855008690934236e-02 2.842928214041983998e-03 1.265103055248682773e-01 2.743425726550514643e-01 1.080312721335953963e-01 9.879175543795894188e-02
1.151439298403354600e-01 1.689612013961444212e-02 1.639549435769993846e-01 1.070087608842247989e-01 2.440550686833197272e-02 2.503128909572510056e-03 1.264080099334117524e-01 2.647058821872929069e-01 9.073842297200347684e-02 8.823529406243096895e-02
1.196358906894434970e-01 1.560468139427523791e-02 1.417425226646667480e-01 9.297789330755662496e-02 3.250975290474007739e-02 3.901170348568809478e-03 1.462938880713303691e-01 2.867360206198075190e-01 7.282184650661778502e-02 8.777633284279821868e-02
1.145454544760330512e-01 1.878787877649219437e-02 1.654545453542699551e-01 9.393939388246096145e-02 2.545454543911845544e-02 4.848484845546372629e-03 1.296969696183654652e-01 2.666666665050504981e-01 8.848484843122129961e-02 9.212121206538108342e-02
1.161290321831425498e-01 1.677419353756503390e-02 1.535483869977107008e-01 8.967741929698230807e-02 3.032258062559833184e-02 1.290322579812695032e-03 1.361290321702393336e-01 2.754838707900104100e-01 8.838709671716961369e-02 9.225806445660769683e-02
