1.499999998828124848e-01 2.031249998413085789e-02 1.648437498712158056e-01 8.359374993469237403e-02 2.499999998046874630e-02 3.124999997558593288e-03 7.656249994018554661e-02 2.085937498370361021e-01 1.734374998645019372e-01 9.453124992614744815e-02
1.671335199186428089e-01 1.680672267338307810e-02 1.820728289616500017e-01 7.376283839984794366e-02 1.307189541263128162e-02 4.668534075939743434e-03 7.096171795428410367e-02 2.054154993413487285e-01 1.774042948857102453e-01 8.870214744285512265e-02
1.492790499157938267e-01 1.611535197954592699e-02 1.781170481949812812e-01 8.142493631770572615e-02 1.441899913959372205e-02 1.696352839952202773e-03 8.566581841758623417e-02 2.018659879543121261e-01 1.764206953550290780e-01 9.499575903732335180e-02
1.616326529292794467e-01 1.959183671870053794e-02 1.722448978185755764e-01 8.326530605447729494e-02 1.387755100907954973e-02 8.163265299458557838e-04 8.489795911436900933e-02 1.983673467768429510e-01 1.640816325191170322e-01 1.012244897132861254e-01
1.496130695188193638e-01 1.977644022375198499e-02 1.840068786036054282e-01 1.006018915729992302e-01 1.203783317967512152e-02 8.598452271196514599e-04 6.706792771533282016e-02 2.089423901900753222e-01 1.745485811052892577e-01 8.254514180348654362e-02
1.428571427295918239e-01 1.874999998325892550e-02 1.357142855931122438e-01 8.571428563775509990e-02 2.499999997767856849e-02 8.928571420599489212e-04 8.035714278539539401e-02 2.383928569300063638e-01 1.732142855596300879e-01 9.910714276865432992e-02
1.238938051879116958e-01 1.769911502684452798e-02 1.445427727192303002e-01 1.111111110018573184e-01 1.671583085868649787e-02 9.832841681580292356e-04 8.652900679790657967e-02 2.104228119858182755e-01 1.750245819321292196e-01 1.130776793381733786e-01
1.418047880830526630e-01 1.933701655677990891e-02 1.685082871376535063e-01 9.760589309612716091e-02 2.486187843014559667e-02 2.762430936682844316e-03 8.103130747603010109e-02 2.163904233734894600e-01 1.593001840153773496e-01 8.839778997385101811e-02
1.449426484411442673e-01 2.189781019614409768e-02 9.176225225050860246e-02 8.446298218512723888e-02 1.668404586372883650e-02 1.042752866483052281e-03 6.360792485546619413e-02 1.918665274328816284e-01 2.627737223537292000e-01 1.209593325120340707e-01
1.435079725561822506e-01 2.050113893659746139e-02 1.328777523668354110e-01 8.731966584106326534e-02 2.429764614707847353e-02 1.518602884192404596e-03 7.441154132542783517e-02 1.890660590819543685e-01 2.315869398393416989e-01 9.491268026202528962e-02
