1.394335510463686756e-01 1.960784311589559500e-02 1.437908495165677036e-01 1.045751632847765067e-01 1.742919388079608445e-02 2.178649235099510556e-03 1.023965140496770065e-01 2.363834420082969179e-01 1.361655771937194115e-01 9.803921557947797849e-02
1.446111867058510470e-01 1.773533421864210979e-02 2.196452930154907390e-01 1.064120053118526588e-01 1.637107774028502202e-02 0.000000000000000000e+00 1.023192358767813920e-01 1.869031375349206880e-01 1.050477488334955745e-01 1.009549793984243077e-01
1.679586561137484946e-01 1.550387594896140107e-02 2.041343666613251173e-01 8.527131771928769810e-02 1.808785527378830096e-02 0.000000000000000000e+00 7.751937974480700710e-02 1.925064596996040600e-01 1.343669248909988012e-01 1.046511626554894603e-01
1.666666664251207630e-01 2.898550720436883152e-02 1.420289853014072567e-01 7.971014481201428581e-02 1.449275360218441576e-02 1.449275360218441533e-03 6.231884048939298482e-02 2.246376808338584330e-01 1.521739128229363525e-01 1.275362316992228462e-01
1.952191232467209436e-01 2.124833994522132979e-02 1.912350595069919612e-01 9.030544476719064295e-02 1.726427620549233002e-02 0.000000000000000000e+00 7.304116856169831640e-02 1.992031869864499538e-01 1.181938909452936448e-01 9.428950850691963925e-02
1.632653058661455159e-01 1.569858710251399378e-02 2.087912084634361010e-01 1.193092619791063375e-01 1.255886968201119433e-02 0.000000000000000000e+00 8.634222906382695018e-02 1.742543168379053209e-01 1.004709574560895546e-01 1.193092619791063375e-01
1.647230318298498197e-01 1.457725945396901035e-02 1.997084545193754390e-01 1.049562680685768717e-01 1.749271134476281311e-02 0.000000000000000000e+00 1.093294459047675776e-01 1.997084545193754390e-01 9.912536428698925928e-02 9.037900861460786139e-02
1.354933724072262535e-01 1.767304857485559738e-02 2.194403531377903394e-01 9.720176716170579601e-02 1.620029452695096600e-02 2.945508095809266230e-03 1.001472752575150588e-01 2.120765828982671963e-01 9.720176716170579601e-02 1.016200293054196901e-01
1.571428569387754992e-01 1.948051945522010636e-02 2.194805191954798396e-01 1.103896102462472578e-01 1.948051945522010636e-02 2.597402594029347370e-03 1.025974024641592153e-01 1.999999997402597540e-01 7.662337652386574938e-02 9.220779208804183447e-02
1.472556892272346984e-01 8.032128503303710698e-03 1.954484602470569488e-01 1.311914322206272632e-01 2.275769742602717916e-02 2.677376167767903277e-03 1.124497990462519359e-01 1.874163317437532450e-01 9.370816587187662250e-02 9.906291820741242038e-02
