1.499999998828124848e-01 2.031249998413085789e-02 1.648437498712158056e-01 8.359374993469237403e-02 2.499999998046874630e-02 3.124999997558593288e-03 7.656249994018554661e-02 2.085937498370361021e-01 1.734374998645019372e-01 9.453124992614744815e-02
1.671335199186428089e-01 1.680672267338307810e-02 1.820728289616500017e-01 7.376283839984794366e-02 1.307189541263128162e-02 4.668534075939743434e-03 7.096171795428410367e-02 2.054154993413487285e-01 1.774042948857102453e-01 8.870214744285512265e-02
1.492168176840751592e-01 1.566364384528965911e-02 1.755976915287735252e-01 7.666941461115463208e-02 1.731244846058330525e-02 0.000000000000000000e+00 7.749381691880145862e-02 1.887881284511227220e-01 1.821929099899481097e-01 1.170651276858490214e-01
1.414213925761511892e-01 1.866475231969507917e-02 1.514716438252177722e-01 9.619526195535156587e-02 2.010050249813316245e-02 7.178750892190415315e-04 8.399138543862785800e-02 2.074659007843029923e-01 1.880832733753888819e-01 9.188801142003731603e-02
1.448979590851034172e-01 1.564625849275764688e-02 1.591836733610995369e-01 9.047619041464204093e-02 2.108843535980378311e-02 1.360544216761534492e-03 8.435374143921513246e-02 1.999999998639455656e-01 1.693877549868110510e-01 1.136054420995881303e-01
1.317474838684835337e-01 1.189387007146031940e-02 6.312900268698169726e-02 6.678865501666178539e-02 1.463860931872039244e-02 9.149130824200245272e-04 6.587374193424176683e-02 2.305580967698461770e-01 2.909423602095678185e-01 1.235132661267033111e-01
1.574367087362051332e-01 1.503164555772812730e-02 9.414556954577089909e-02 8.306962018744491749e-02 1.740506327736941056e-02 3.164556959521711010e-03 4.430379743330395415e-02 2.041139238891503671e-01 2.824367086373126834e-01 9.889240498505347254e-02
1.428571427287896045e-01 1.796945191557101917e-02 1.617250672401391864e-01 8.355795140740523985e-02 1.617250672401391795e-02 4.492362978892754793e-03 8.805031438629799811e-02 2.021563340501739969e-01 1.707097931979247030e-01 1.123090744723188733e-01
1.687871075752441774e-01 1.865988123947422833e-02 1.509754027557460299e-01 8.057675989772962455e-02 1.781170481949812673e-02 2.544529259928303942e-03 8.651399483756233577e-02 1.942324001745271977e-01 1.730279896751246715e-01 1.068702289169887742e-01
1.599366586223779363e-01 1.504354709814445870e-02 1.797307995409890558e-01 8.392715749491118371e-02 1.266825018791112312e-02 0.000000000000000000e+00 6.650831348653339636e-02 1.963578779126224083e-01 1.923990497289001789e-01 9.342834513584452605e-02
