1.484865790128574448e-01 2.113078239798356003e-02 1.833238148581816940e-01 9.765848081230239786e-02 4.111936034202206408e-02 3.426613361835171862e-03 1.216447743451486013e-01 1.810394059502915820e-01 1.050828097629452756e-01 9.708737858532986986e-02
1.484865790128574448e-01 2.113078239798356003e-02 1.833238148581816940e-01 9.765848081230239786e-02 4.111936034202206408e-02 3.426613361835171862e-03 1.216447743451486013e-01 1.810394059502915820e-01 1.050828097629452756e-01 9.708737858532986986e-02
1.485714284865305990e-01 2.057142855967346654e-02 1.868571427503673277e-01 9.657142851624489488e-02 4.114285711934693307e-02 2.857142855510203926e-03 1.194285713603265298e-01 1.822857141815510118e-01 1.045714285116734615e-01 9.714285708734693436e-02
1.485714284865305990e-01 2.057142855967346654e-02 1.868571427503673277e-01 9.657142851624489488e-02 4.114285711934693307e-02 2.857142855510203926e-03 1.194285713603265298e-01 1.822857141815510118e-01 1.045714285116734615e-01 9.714285708734693436e-02
1.485714284865305990e-01 2.057142855967346654e-02 1.868571427503673277e-01 9.657142851624489488e-02 4.114285711934693307e-02 2.857142855510203926e-03 1.194285713603265298e-01 1.822857141815510118e-01 1.045714285116734615e-01 9.714285708734693436e-02
1.485714284865305990e-01 2.057142855967346654e-02 1.868571427503673277e-01 9.657142851624489488e-02 4.114285711934693307e-02 2.857142855510203926e-03 1.194285713603265298e-01 1.822857141815510118e-01 1.045714285116734615e-01 9.714285708734693436e-02
1.485714284865305990e-01 2.057142855967346654e-02 1.868571427503673277e-01 9.657142851624489488e-02 4.114285711934693307e-02 2.857142855510203926e-03 1.194285713603265298e-01 1.822857141815510118e-01 1.045714285116734615e-01 9.714285708734693436e-02
1.485714284865305990e-01 2.057142855967346654e-02 1.868571427503673277e-01 9.657142851624489488e-02 4.114285711934693307e-02 2.857142855510203926e-03 1.194285713603265298e-01 1.822857141815510118e-01 1.045714285116734615e-01 9.714285708734693436e-02
1.485714284865305990e-01 2.057142855967346654e-02 1.868571427503673277e-01 9.657142851624489488e-02 4.114285711934693307e-02 2.857142855510203926e-03 1.194285713603265298e-01 1.822857141815510118e-01 1.045714285116734615e-01 9.714285708734693436e-02
1.485714284865305990e-01 2.057142855967346654e-02 1.868571427503673277e-01 9.657142851624489488e-02 4.114285711934693307e-02 2.857142855510203926e-03 1.194285713603265298e-01 1.822857141815510118e-01 1.045714285116734615e-01 9.714285708734693436e-02
