2.215827334941255777e-01 2.014388486310232304e-02 1.165467624222348703e-01 7.194244593965115619e-02 5.323740999534185697e-02 8.633093512758139437e-03 1.352517983665441625e-01 1.611510789048185843e-01 1.151079135034418499e-01 9.640287755913254375e-02
2.262051913149503157e-01 1.977750306578800535e-02 1.470951790517983082e-01 8.899876379604602927e-02 3.831891218996426318e-02 6.180469708058752322e-03 1.087762668618340312e-01 1.928306548914330565e-01 9.394313956249303321e-02 7.787391832154028082e-02
2.058111377653618068e-01 2.542372878277998974e-02 1.246973364107780424e-01 7.506053259677901435e-02 5.205811131712093087e-02 8.474576260926663246e-03 1.016949151311199590e-01 2.021791765106789596e-01 1.113801451436075701e-01 9.322033887019329224e-02
1.941875823062251261e-01 2.774108318660358993e-02 1.268163802816164032e-01 7.793923371474341388e-02 4.755614260560615120e-02 1.056803169013470142e-02 9.775429313374597862e-02 1.651254951583547015e-01 1.413474238555516294e-01 1.109643327464143597e-01
1.913499342184142304e-01 3.538663167052866210e-02 1.114023589627754079e-01 6.028833543867846007e-02 4.325032759731280846e-02 3.931847963392073181e-03 1.114023589627754079e-01 2.149410219987666903e-01 1.114023589627754079e-01 1.166448229139648435e-01
2.037470723609519085e-01 2.107728334768467840e-02 1.288056204580730335e-01 6.440281022903651675e-02 3.981264632340439369e-02 7.025761115894893667e-03 1.018735361804759543e-01 2.236533955226540915e-01 9.601873525056353609e-02 1.135831380403007768e-01
1.922563415323680358e-01 4.005340448591000746e-02 1.415220291835486977e-01 6.675567414318334114e-02 5.073431234881934510e-02 6.675567414318334288e-03 9.612817076618401790e-02 1.815754336694586912e-01 1.188250999748663578e-01 1.054739651462296840e-01
2.100515461210676060e-01 2.319587625876820200e-02 1.262886596310713039e-01 6.572164939984323495e-02 5.412371127045913222e-02 7.731958752922733422e-03 1.108247421252258474e-01 1.945876286152221357e-01 1.056701029566106953e-01 1.018041235801493277e-01
1.891534389032361874e-01 2.910052906203633785e-02 1.349206347421684771e-01 6.613756605008258571e-02 3.968253963004955004e-02 1.322751321001651610e-02 8.730158718610901702e-02 2.248677245702807859e-01 1.031746030381288370e-01 1.124338622851403929e-01
1.899179364713740603e-01 3.048065647071435472e-02 1.488862835300278076e-01 7.268464235324191558e-02 3.516998823543963926e-02 7.033997647087927678e-03 1.066822976475002432e-01 1.922626023537366835e-01 1.184056270593134563e-01 9.847596705923099270e-02
